	13.0	14.0	15.0	16.0	17.0	18.0	19.0	20.0	21.0	22.0	23.0	24.0	25.0	26.0	27.0	28.0	29.0	30.0	31.0	32.0	33.0	34.0	35.0
C-1_R1_val_1	1.0	4.0	1.0	9.0	31.0	34.0	74.0	132.0	254.0	512.0	1312.0	3741.0	16601.0	71979.0	220780.0	374553.0	474410.0	604474.0	800739.0	1179722.0	2152407.0	9685550.0	36634726.0
	14.0	15.0	16.0	17.0	18.0	19.0	20.0	21.0	22.0	23.0	24.0	25.0	26.0	27.0	28.0	29.0	30.0	31.0	32.0	33.0	34.0	35.0
C-1_R2_val_2	2.0	5.0	19.0	25.0	37.0	44.0	94.0	185.0	725.0	6279.0	34858.0	113589.0	184894.0	235280.0	294461.0	379771.0	503498.0	701177.0	1083803.0	2092308.0	10051389.0	36539603.0
	17.0	18.0	19.0	20.0	21.0	22.0	23.0	24.0	25.0	26.0	27.0	28.0	29.0	30.0	31.0	32.0	33.0	34.0	35.0
C-2_R1_val_1	2.0	0.0	1.0	6.0	21.0	132.0	596.0	2859.0	11746.0	35408.0	73571.0	109976.0	138571.0	173819.0	229065.0	334317.0	630232.0	3467749.0	22024577.0
	19.0	20.0	21.0	22.0	23.0	24.0	25.0	26.0	27.0	28.0	29.0	30.0	31.0	32.0	33.0	34.0	35.0
C-2_R2_val_2	2.0	9.0	49.0	482.0	3439.0	15830.0	46378.0	88909.0	125364.0	157167.0	198276.0	258803.0	356213.0	547047.0	1116131.0	5415137.0	18903412.0
	9.0	10.0	11.0	12.0	13.0	14.0	15.0	16.0	17.0	18.0	19.0	20.0	21.0	22.0	23.0	24.0	25.0	26.0	27.0	28.0	29.0	30.0	31.0	32.0	33.0	34.0	35.0
C-3_R1_val_1	1.0	0.0	0.0	0.0	0.0	2.0	0.0	7.0	14.0	23.0	46.0	68.0	142.0	282.0	714.0	2154.0	9352.0	41245.0	125748.0	217599.0	278938.0	361860.0	489602.0	736102.0	1367148.0	6302995.0	23274147.0
	16.0	17.0	18.0	19.0	20.0	21.0	22.0	23.0	24.0	25.0	26.0	27.0	28.0	29.0	30.0	31.0	32.0	33.0	34.0	35.0
C-3_R2_val_2	21.0	15.0	20.0	30.0	57.0	144.0	576.0	4986.0	29220.0	97487.0	160254.0	201858.0	251189.0	316995.0	413483.0	561805.0	848910.0	1589521.0	7109387.0	21622231.0
	8.0	9.0	10.0	11.0	12.0	13.0	14.0	15.0	16.0	17.0	18.0	19.0	20.0	21.0	22.0	23.0	24.0	25.0	26.0	27.0	28.0	29.0	30.0	31.0	32.0	33.0	34.0	35.0
O-1_R1_val_1	1.0	0.0	2.0	0.0	4.0	0.0	4.0	2.0	11.0	18.0	40.0	60.0	133.0	231.0	513.0	1107.0	3116.0	10920.0	36162.0	88656.0	145464.0	189927.0	248999.0	340004.0	515660.0	969567.0	4492846.0	22445154.0
	15.0	16.0	17.0	18.0	19.0	20.0	21.0	22.0	23.0	24.0	25.0	26.0	27.0	28.0	29.0	30.0	31.0	32.0	33.0	34.0	35.0
O-1_R2_val_2	5.0	17.0	14.0	25.0	40.0	94.0	196.0	774.0	6994.0	40268.0	121370.0	178142.0	220039.0	268742.0	332410.0	425534.0	566489.0	836107.0	1519756.0	6205495.0	18766090.0
	9.0	10.0	11.0	12.0	13.0	14.0	15.0	16.0	17.0	18.0	19.0	20.0	21.0	22.0	23.0	24.0	25.0	26.0	27.0	28.0	29.0	30.0	31.0	32.0	33.0	34.0	35.0
O-2_R1_val_1	1.0	0.0	2.0	0.0	1.0	1.0	2.0	13.0	33.0	38.0	72.0	117.0	243.0	451.0	1093.0	2815.0	9220.0	25716.0	53886.0	83804.0	110215.0	148113.0	211129.0	335146.0	681178.0	3739269.0	23328980.0
	14.0	15.0	16.0	17.0	18.0	19.0	20.0	21.0	22.0	23.0	24.0	25.0	26.0	27.0	28.0	29.0	30.0	31.0	32.0	33.0	34.0	35.0
O-2_R2_val_2	1.0	7.0	13.0	7.0	32.0	59.0	108.0	252.0	1114.0	9572.0	54827.0	163505.0	238751.0	292655.0	354457.0	434684.0	543539.0	711039.0	1027001.0	1816589.0	6727616.0	16355710.0
	6.0	7.0	8.0	9.0	10.0	11.0	12.0	13.0	14.0	15.0	16.0	17.0	18.0	19.0	20.0	21.0	22.0	23.0	24.0	25.0	26.0	27.0	28.0	29.0	30.0	31.0	32.0	33.0	34.0	35.0
O-3_R1_val_1	1.0	0.0	1.0	0.0	0.0	1.0	1.0	0.0	1.0	4.0	3.0	4.0	10.0	29.0	52.0	101.0	251.0	548.0	1733.0	6896.0	22078.0	46481.0	73391.0	99484.0	139680.0	182295.0	289954.0	593476.0	3143128.0	16902819.0
	16.0	17.0	18.0	19.0	20.0	21.0	22.0	23.0	24.0	25.0	26.0	27.0	28.0	29.0	30.0	31.0	32.0	33.0	34.0	35.0
O-3_R2_val_2	2.0	8.0	5.0	30.0	215.0	1274.0	4708.0	11870.0	30403.0	48099.0	82418.0	109439.0	141700.0	183946.0	243431.0	338146.0	524950.0	1019221.0	4567740.0	14194817.0

